
## MMD
lr, gamma, pair, target_acc, best_epoch, best_score
0.01, 0.8, a2w, 0.03144654259085655, 2, 0.11830854415893555
0.001, 1, a2w, 0.03144654259085655, 1, 0.6423105001449585
0.001, 0.9, a2w, 0.2578616440296173, 4, 0.6518638134002686
0.001, 0.8, a2w, 0.3899371027946472, 1, 1.0918941497802734
0.0001, 1, a2w, 0.74842768907547, 5, 3.037649005651474
0.0001, 0.99, a2w, 0.7924528121948242, 10, 3.0373166501522064
0.0001, 0.8, a2w, 0.6792452931404114, 3, 2.1700748205184937
1e-05, 1, a2w, 0.7987421154975891, 10, 2.9079488813877106
1e-05, 0.99, a2w, 0.7169811129570007, 9, 2.476960599422455

best: 0.0001, 1

## CORAL
0.01, 0.8, a2w, 0.056603774428367615, 4, 0.14840292930603027
0.001, 1, a2w, 0.08805031329393387, 4, 0.7478435039520264
0.001, 0.9, a2w, 0.48427674174308777, 5, 1.2175350189208984
0.001, 0.8, a2w, 0.4088050425052643, 2, 1.0357863903045654
0.0001, 1, a2w, 0.6729559898376465, 5, 2.8295201659202576
0.0001, 0.99, a2w, 0.7672955989837646, 5, 2.8431743383407593
0.0001, 0.8, a2w, 0.6289308071136475, 9, 2.2530930042266846
1e-05, 1, a2w, 0.7610062956809998, 10, 2.7761773467063904
1e-05, 0.99, a2w, 0.7232704162597656, 8, 2.4215192198753357

best: 0.0001, 0.99

## MCD
0.01, 0.8, a2w, 0.03773584961891174, 6, 0.12179803848266602
0.01, 0.5, a2w, 0.03773584961891174, 7, 0.4167215824127197
0.001, 1, a2w, 0.03773584961891174, 2, 0.27515363693237305
0.001, 0.9, a2w, 0.16352201998233795, 5, 0.32443785667419434
0.001, 0.8, a2w, 0.16352201998233795, 9, 0.3562781810760498
0.0001, 1, a2w, 0.22012577950954437, 1, 0.9291489124298096
0.0001, 0.9, a2w, 0.6666666865348816, 1, 0.8841125965118408
0.0001, 0.99, a2w, 0.16981132328510284, 1, 0.9182798862457275

best: 0.0001, 1

 
## DANN
0.001, 1, a2w, 0.17610062658786774, 4, 1.4108638763427734
0.001, 0.9, a2w, 0.5283018946647644, 9, 2.068688154220581
0.001, 0.8, a2w, 0.5471698045730591, 5, 1.4392107725143433
0.0001, 1, a2w, 0.7672955989837646, 5, 2.862147629261017
0.0001, 0.99, a2w, 0.74842768907547, 3, 2.7470735907554626
0.0001, 0.8, a2w, 0.6792452931404114, 1, 2.2735108137130737
1e-05, 1, a2w, 0.7547169923782349, 10, 2.741150736808777
1e-05, 0.99, a2w, 0.7547169923782349, 10, 2.527182936668396

best: 0.0001, 1

## CDAN
0.001, 1, a2w, 0.18238992989063263, 4, 1.4749605655670166
0.001, 0.9, a2w, 0.48427674174308777, 6, 1.5771474838256836
0.001, 0.8, a2w, 0.49056604504585266, 1, 1.2596838474273682
0.0001, 1, a2w, 0.7421383857727051, 5, 2.994419604539871
0.0001, 0.99, a2w, 0.7987421154975891, 2, 2.7873728275299072
0.0001, 0.8, a2w, 0.6792452931404114, 1, 2.3430228233337402
1e-05, 1, a2w, 0.7861635088920593, 10, 2.7345767617225647
1e-05, 0.99, a2w, 0.7232704162597656, 10, 2.531562328338623

best: 0.0001, 1
